Ag0 = [ ...
      0.  0.0   0;...
      50.  0.0   1;...
      100.  0.4   2; ...
      180.  0.4   1; ...
      250.  0.0   2; ...
      350.  0.0   1; ...
      400.  0.1   2]';

AgP = [ ...
      0.  0.1  0; ...
      20.  0.2  1; ...
      50.  0.2  1; ...
      70.  0.1  1; ...
      230.  0.1  0; ...
      250.  0.2  1; ...
      350.  0.1  1; ...
      400.  0.0  1]';

F0 = [ ...
      0.  100.  0; ...
      70.   96.  1; ...
      230.  130.  0; ...
      350.   90.  1; ...
      400.   70.  1]';

TAF1 = [ ...
      0.  0 -1; ...
      30. 1 -1; ...
      120. 2 0; ...
      200. 1 0; ...
      203. 1 0; ...
      220. 1 0; ...
      260. 2 -1; ...
      400. 1 -1]';

TAF2 = [ ...
      2.3  1.2  3.40  1.64  1.80  2.2  2.3  2.40  2.10  3.60 5.7  7.3  7.70  8.10  8.10  5.7  5.0; ...
      2.3  1.2  3.40  1.64  1.80  2.2  2.3  2.40  2.10  3.60 5.7  7.3  7.70  8.10  8.10  5.7  5.0; ...
      2.5  2.5  5.  5.  5.  5.  5.  5.  5.  5. 0.001 5.  5.  5.  5.  5.  5. ; ...
      2.5  2.5  5.  5.  5.  5.  5.  5.  5.  5. 0.001 5.  5.  5.  5.  5.  5. ; ...
      2.5  2.5  5.  5.  5.  5.  5.  5.  5.  5. 0.1 5.  5.  5.  5.  5.  5. ; ...
      2.5  2.5  5.  5.  5.  5.  5.  5.  5.  5. 0.1 5.  5.  5.  5.  5.  5. ; ...
      2.3  1.2  3.40  1.64  1.80  2.2  2.3  2.40  2.10  3.60 5.7  7.3  7.70  8.10  8.10  5.7  5.0; ...
      2.3  1.2  3.40  1.64  1.80  2.2  2.3  2.40  2.10  3.60 5.7  7.3  7.70  8.10  8.10  5.7  5.0]';

%plot(Ag0(1,:),Ag0(2,:)','r.-',AgP(1,:)',AgP(2,:)','o-',TAF1(1,:),TAF1(2,:),'g*-',TAF1(1,:),min(TAF2),'ks-');

[sig] = vtsynth(17,Ag0,AgP,F0,TAF1,TAF2,1);

%soundview(sig,10000);
